22758381
6135505
5572451
16528444
11774420
8664060
23222480
1990859
9736989
6271219
23054654
10655588
1832502
2105065
16480950
14281535
4652954
17856335
19607706
6247227
21762753
10678977
11730623
8109167
1263845
21796387
10720847
21848035
20572397
17842630
22577072
17246597
23371702
17907669
20567821
11471009
17878664
15898770
2528642
19299872
19948668
12809911
20252714
4062934
4529375
21939096
12127491
9632166
15117616
16839705
11693092
18897113
17161345
9062081
2735858
23209780
17019476
23040892
13611407
16460045
1368685
13184539
21117819
22389311
199746
9064624
17337036
14505318
4593405
13151213
22243275
4098614
554923
6879009
5486639
22376392
21167561
624780
10790035
7418256
21819291
14127746
12673119
6692527
3793786
3997232
345053
73623
19146889
10059986
22765035
10224692
16501187
14925830
15494430
11989024
2992401
14894093
20508147
17868137
1943747
10845494
9058156
9808632
16386990
3158112
3721459
14276652
5177645
10389423
3589106
8852343
16672353
2086123
10665810
20430765
395351
9763135
4887151
18969279
19811140
16140187
12681947
16509210
14382953
4004939
20917812
8500331
6905624
7507781
9768899
4809801
23111085
7663702
22502501
8984439
14997623
16514547
3965420
23303392
15025251
14200804
8054060
13108481
17949610
16681788
23283818
3479535
13504551
21325274
8388139
17048395
15328957
5285705
18424327
278006
15548993
13199446
18821109
19454635
19286278
1465114
21416047
17363659
14345628
23326700
16490014
11439246
6396780
10134636
5845422
23342785
10823832
18969815
5118499
12836608
23240879
17648744
13113105
10833503
7380004
21008147
15416757
1189469
4140297
9837518
14592292
14388312
17149602
11399486
10190152
5092603
19846345
9898423
17986341
21311184
22921376
17584443
14551991
23772660
15397925
11649057
3978134
5318721
7418253
192232
17585419
22912659
20883919
21133652
18650486
10278554
13899734
18657761
20806997
189208
16593775
418205
17490760
14696620
16359295
9483652
12414976
10198347
1824303
23268319
5046464
3951047
17648033
7318854
10179333
23190604
4209380
15083307
9609550
8470139
9676628
15621364
22170169
13680140
14648445
12494552
10444333
10740056
7778114
17433040
5067806
16414087
12980545
19951907
21716278
2178576
16064614
5287434
6486634
2845517
18895551
19500727
21387319
16238030
373911
18595522
18695389
10676319
23365949
1496290
19020364
21076949
10862492
3300234
12013366
11277795
14604114
613976
15388379
22100929
22504310
2731607
11425263
19964033
15421809
19087315
8873921
22789794
22060952
22573370
12453330
18699868
20902810
20966053
13200890
6607799
6916335
13832386
4206739
9872378
3441422
22103661
16061017
5644836
4005448
6372289
12240613
9497759
14575540
4352918
16218792
21930132
8111504
14277667
19241614
18397100
20484701
23110920
13583858
3900062
331281
17927617
7352350
672804
3009542
14147024
9241510
12125464
14448442
4248906
813976
9803403
9593379
23731419
23720939
19778088
14241016
18546983
2122950
10879620
19226870
22904586
22536550
15501834
16863141
6759265
5299660
20338582
4972919
1354647
16938567
14258316
8965710
1174689
14489988
17227613
7254286
9908988
23284309
3754605
22121316
12045388
2677174
17763232
18797979
7924943
7217813
20089279
11777195
1358067
922667
10634818
5534787
9312231
16107046
4088078
17123511
23604582
16075445
17325553
14804521
15755421
21124267
8764933
2604422
22520482
4164950
8984292
270083
16096212
8230654
14230516
23579367
21998823
724845
19440
15435147
18435797
8393927
9248671
17942495
395260
10601563
15866785
4504175
16364013
12689343
18268548
7060720
14986098
2016233
11705788
14438204
17850665
21284757
12600507
8363499
18046880
22219371
2012413
10216971
13823484
8906853
959903
12428925
17726049
1576390
3220988
14864837
17281290
17204560
21665870
17668076
20013728
22156222
4784903
4828725
16332538
19324918
15547412
20303638
3844063
13713859
18347834
14333929
21479265
9914572
1410981
12993163
18468683
323456
2328665
9730384
10252338
5731528
7618731
5516931
15419643
4945105
17689628
17719568
13076417
12645877
9290156
22825290
10214316
12288794
23518943
7784996
10182658
11417940
9747976
10947008
438793
4081087
5512478
4574519
16138761
16385167
20762153
4250487
2822379
4099489
22776322
14747929
19207914
8032710
8513949
1273882
21625655
11611882
13626715
7459088
14043358
13941050
1594105
7170098
8086689
3500653
18789845
14577387
21927506
438405
16355410
18931163
22514648
13172988
15235605
7503040
12456534
19042926
7597481
13910221
15832859
21690029
10837905
