1809003
1065855
993037
356779
1422357
1948210
810458
1189697
1437169
1157030
1801954
1714041
148664
1849526
1808927
212934
1738054
1255096
845876
1801061
594173
1227721
59090
996643
607292
619291
1835181
555732
233410
911960
559867
1608066
651988
236867
935993
750613
835628
296831
382937
1698105
1876470
643240
393179
729115
1440858
1802811
983098
238114
1229305
789929
1959975
150247
1969917
1240652
1463407
533896
1721280
861114
1086325
138159
1518445
1126935
1666125
1632095
1682692
129735
1024069
1117069
609302
1310792
735286
1255643
1729596
1430999
1280707
1586881
446641
221186
742946
547738
303819
1512936
619223
422094
1871035
1493468
1105075
526338
890829
144209
480320
1152624
1849197
233634
344661
1070160
50475
679840
157181
1363020
443487
881718
961816
440881
815415
406887
191234
1521313
481859
1240647
1821894
794018
661037
1107153
374604
1731118
1593350
90396
1664056
72345
1884792
362515
423252
1145952
1700934
799744
135179
1580672
1028756
778626
302349
258797
1343263
1095843
273201
1344828
921642
474887
747071
1238845
596689
1271101
602112
1755645
532700
1199255
1438314
1216146
1075194
268721
619474
1375561
435325
1693075
45927
837140
634261
1060158
1681826
1028213
1364327
255901
617666
1343788
461046
1947965
592250
103063
1502287
1208629
1391894
9715
1069392
994816
212762
592220
376057
1734341
987853
718644
1044028
1847790
167182
1189232
1111091
1426313
359272
895349
1583226
1662180
703553
193071
1827819
1012132
914841
1542399
619833
787858
1104507
959597
1593661
1081887
1209592
616432
818881
143724
609242
42887
1008703
67104
912886
924910
112154
789449
540805
847786
1702465
1288756
1822895
1015604
80366
1755861
1468835
1347479
655726
462173
1406491
535783
1212349
87939
1410371
881880
1428478
1894077
1033527
243748
381056
1422768
579415
803925
687859
636565
1091108
814215
1423774
1864358
707022
1645701
976800
1351277
247850
1042929
1039372
1643994
482242
70147
489108
297505
1135888
20365
1800360
808486
124972
153173
1885357
288730
837996
1081263
1092251
362855
1087322
1020882
323792
768212
1491518
1970306
1809558
632227
892632
953852
1712684
385443
258889
613436
951744
1887329
119829
1767462
1309015
47362
1406260
1730945
343316
1104833
644063
461350
1582571
1108366
1934475
62487
618565
1093614
1876250
315793
564628
443642
1350274
273364
1942070
248106
442057
757209
928680
1723911
532520
179535
1513902
1801168
1926710
1023169
1960447
908115
1502087
1854059
567229
1122464
345296
1596888
779096
828735
1933944
593621
265455
659337
1485232
294023
1399425
1471670
1085262
1781747
537792
1375119
938930
247596
1373147
541275
82445
1012730
581859
1298479
387901
1023790
1705315
1874492
1489736
1507176
819298
1244852
763170
121930
1943178
569043
1201692
314143
1096075
1373331
1069116
1248998
1708137
1682377
464598
1409717
592231
876385
424878
594779
667701
1090196
1108406
521978
1022663
321229
1802143
1726308
443741
1022651
1206291
1226257
381237
1199435
1032951
305692
1338413
1527993
141088
1040895
1211259
912831
1294448
1216198
1269162
1309852
1820331
1490114
1346655
66057
140387
1320517
422124
988792
154915
519579
930237
145373
285567
1002500
1886969
776966
1787546
212236
678936
742194
1766729
1145238
1859799
27495
1352065
1747206
788718
774620
1204994
160081
1679539
1820253
629153
329467
1073279
378783
1804829
635600
567449
923427
1324141
1677230
765193
430176
532268
1236771
938254
394148
561314
1870576
1075895
1403304
442913
72785
960113
1002520
1623370
1070576
422326
901700
106903
1378630
512630
324307
1223453
1388533
1170910
1840099
127287
363976
1104099
423685
902648
1895509
432211
301943
1365799
526023
264593
1677893
537220
784805
151536
1517829
74590
908687
1351948
1045075
1427383
1806114
710983
963116
1221347
1841620
1823473
1919927
1202933
990885
668593
1295947
1004341
489266
1699697
616769
434468
325455
171027
525523
576788
899236
